0.000000e+00 4.369981e-01
4.969309e-03 4.364449e-01
-4.967245e-03 4.375696e-01
9.940595e-03 4.359097e-01
-9.932335e-03 4.381594e-01
1.491377e-02 4.353924e-01
-1.489518e-02 4.387680e-01
1.988875e-02 4.348928e-01
-1.985567e-02 4.393953e-01
2.486546e-02 4.344106e-01
-2.481373e-02 4.400417e-01
2.984381e-02 4.339458e-01
-2.976924e-02 4.407073e-01
3.482373e-02 4.334980e-01
-3.472210e-02 4.413923e-01
3.980514e-02 4.330672e-01
-3.967221e-02 4.420969e-01
4.478798e-02 4.326531e-01
-4.461945e-02 4.428214e-01
4.977216e-02 4.322557e-01
-4.956372e-02 4.435659e-01
5.475762e-02 4.318745e-01
-5.450490e-02 4.443307e-01
5.974429e-02 4.315096e-01
-5.944287e-02 4.451159e-01
6.473211e-02 4.311608e-01
-6.437751e-02 4.459218e-01
6.972102e-02 4.308278e-01
-6.930870e-02 4.467485e-01
7.471095e-02 4.305105e-01
-7.423630e-02 4.475964e-01
7.970183e-02 4.302087e-01
-7.916020e-02 4.484655e-01
8.469363e-02 4.299222e-01
-8.408024e-02 4.493561e-01
8.968627e-02 4.296509e-01
-8.899630e-02 4.502685e-01
9.467970e-02 4.293947e-01
-9.390824e-02 4.512029e-01
9.967388e-02 4.291532e-01
-9.881590e-02 4.521594e-01
1.046687e-01 4.289265e-01
-1.037192e-01 4.531384e-01
1.096642e-01 4.287142e-01
-1.086178e-01 4.541399e-01
1.146603e-01 4.285163e-01
-1.135118e-01 4.551643e-01
1.196569e-01 4.283326e-01
-1.184008e-01 4.562118e-01
1.246541e-01 4.281629e-01
-1.232848e-01 4.572826e-01
1.296516e-01 4.280070e-01
-1.281636e-01 4.583770e-01
1.346496e-01 4.278649e-01
-1.330370e-01 4.594951e-01
1.396480e-01 4.277363e-01
-1.379048e-01 4.606372e-01
1.446467e-01 4.276211e-01
-1.427669e-01 4.618036e-01
1.496456e-01 4.275192e-01
-1.476231e-01 4.629944e-01
1.546448e-01 4.274303e-01
-1.524731e-01 4.642099e-01
1.596443e-01 4.273543e-01
-1.573167e-01 4.654505e-01
1.646439e-01 4.272912e-01
-1.621539e-01 4.667162e-01
1.696436e-01 4.272406e-01
-1.669843e-01 4.680073e-01
1.746435e-01 4.272026e-01
-1.718078e-01 4.693242e-01
1.796434e-01 4.271768e-01
-1.766242e-01 4.706669e-01
1.846434e-01 4.271633e-01
-1.814332e-01 4.720359e-01
1.896434e-01 4.271617e-01
-1.862345e-01 4.734313e-01
1.946434e-01 4.271721e-01
-1.910281e-01 4.748533e-01
1.996434e-01 4.271942e-01
-1.958135e-01 4.763023e-01
2.046432e-01 4.272279e-01
-2.005907e-01 4.777785e-01
2.096430e-01 4.272730e-01
-2.053592e-01 4.792821e-01
2.146427e-01 4.273295e-01
-2.101190e-01 4.808133e-01
2.196423e-01 4.273972e-01
-2.148697e-01 4.823726e-01
2.246417e-01 4.274758e-01
-2.196110e-01 4.839600e-01
2.296409e-01 4.275654e-01
-2.243428e-01 4.855759e-01
2.346399e-01 4.276657e-01
-2.290646e-01 4.872205e-01
2.396386e-01 4.277767e-01
-2.337762e-01 4.888941e-01
2.446372e-01 4.278981e-01
-2.384773e-01 4.905969e-01
2.496354e-01 4.280299e-01
-2.431676e-01 4.923293e-01
2.546334e-01 4.281718e-01
-2.478469e-01 4.940914e-01
2.596311e-01 4.283239e-01
-2.525147e-01 4.958835e-01
2.646285e-01 4.284859e-01
-2.571708e-01 4.977059e-01
2.696255e-01 4.286577e-01
-2.618148e-01 4.995589e-01
2.746222e-01 4.288392e-01
-2.664463e-01 5.014427e-01
2.796186e-01 4.290302e-01
-2.710651e-01 5.033577e-01
2.846146e-01 4.292306e-01
-2.756708e-01 5.053039e-01
2.896102e-01 4.294403e-01
-2.802630e-01 5.072818e-01
2.946054e-01 4.296592e-01
-2.848413e-01 5.092917e-01
2.996002e-01 4.298871e-01
-2.894054e-01 5.113336e-01
3.045946e-01 4.301239e-01
-2.939548e-01 5.134080e-01
3.095885e-01 4.303695e-01
-2.984892e-01 5.155151e-01
3.145821e-01 4.306237e-01
-3.030081e-01 5.176552e-01
3.195752e-01 4.308865e-01
-3.075111e-01 5.198285e-01
3.245678e-01 4.311576e-01
-3.119977e-01 5.220354e-01
3.295600e-01 4.314370e-01
-3.164676e-01 5.242760e-01
3.345517e-01 4.317246e-01
-3.209203e-01 5.265506e-01
3.395430e-01 4.320202e-01
-3.253553e-01 5.288596e-01
3.445338e-01 4.323236e-01
-3.297721e-01 5.312031e-01
3.495241e-01 4.326349e-01
-3.341703e-01 5.335815e-01
3.545139e-01 4.329538e-01
-3.385493e-01 5.359949e-01
3.595032e-01 4.332802e-01
-3.429086e-01 5.384438e-01
3.644921e-01 4.336141e-01
-3.472477e-01 5.409282e-01
3.694804e-01 4.339552e-01
-3.515661e-01 5.434486e-01
3.744683e-01 4.343036e-01
-3.558631e-01 5.460051e-01
3.794556e-01 4.346589e-01
-3.601383e-01 5.485980e-01
3.844425e-01 4.350212e-01
-3.643911e-01 5.512276e-01
3.894288e-01 4.353904e-01
-3.686208e-01 5.538940e-01
3.944147e-01 4.357662e-01
-3.728268e-01 5.565977e-01
3.994001e-01 4.361486e-01
-3.770086e-01 5.593387e-01
4.043849e-01 4.365375e-01
-3.811654e-01 5.621174e-01
4.093693e-01 4.369327e-01
-3.852967e-01 5.649339e-01
4.143531e-01 4.373341e-01
-3.894018e-01 5.677886e-01
4.193365e-01 4.377417e-01
-3.934798e-01 5.706817e-01
4.243194e-01 4.381553e-01
-3.975303e-01 5.736133e-01
4.293017e-01 4.385747e-01
-4.015524e-01 5.765838e-01
4.342836e-01 4.389999e-01
-4.055453e-01 5.795932e-01
4.392650e-01 4.394308e-01
-4.095083e-01 5.826419e-01
4.442459e-01 4.398672e-01
-4.134407e-01 5.857300e-01
4.492264e-01 4.403091e-01
-4.173416e-01 5.888578e-01
4.542063e-01 4.407562e-01
-4.212102e-01 5.920254e-01
4.591858e-01 4.412086e-01
-4.250457e-01 5.952330e-01
4.641649e-01 4.416661e-01
-4.288473e-01 5.984809e-01
4.691434e-01 4.421285e-01
-4.326139e-01 6.017691e-01
4.741216e-01 4.425958e-01
-4.363448e-01 6.050978e-01
4.790992e-01 4.430679e-01
-4.400390e-01 6.084672e-01
4.840764e-01 4.435446e-01
-4.436955e-01 6.118775e-01
4.890532e-01 4.440258e-01
-4.473134e-01 6.153287e-01
4.940296e-01 4.445115e-01
-4.508917e-01 6.188210e-01
4.990055e-01 4.450015e-01
-4.544293e-01 6.223544e-01
5.039810e-01 4.454957e-01
-4.579252e-01 6.259292e-01
5.089562e-01 4.459940e-01
-4.613783e-01 6.295452e-01
5.139309e-01 4.464962e-01
-4.647875e-01 6.332027e-01
5.189052e-01 4.470024e-01
-4.681518e-01 6.369016e-01
5.238791e-01 4.475123e-01
-4.714698e-01 6.406420e-01
5.288527e-01 4.480259e-01
-4.747405e-01 6.444239e-01
5.338258e-01 4.485430e-01
-4.779627e-01 6.482472e-01
5.387987e-01 4.490636e-01
-4.811350e-01 6.521119e-01
5.437711e-01 4.495875e-01
-4.842563e-01 6.560181e-01
5.487433e-01 4.501146e-01
-4.873252e-01 6.599654e-01
5.537151e-01 4.506449e-01
-4.903404e-01 6.639540e-01
5.586866e-01 4.511782e-01
-4.933006e-01 6.679835e-01
5.636577e-01 4.517144e-01
-4.962043e-01 6.720539e-01
5.686286e-01 4.522534e-01
-4.990503e-01 6.761650e-01
5.735992e-01 4.527951e-01
-5.018369e-01 6.803164e-01
5.785695e-01 4.533394e-01
-5.045629e-01 6.845080e-01
5.835395e-01 4.538861e-01
-5.072266e-01 6.887394e-01
5.885092e-01 4.544353e-01
-5.098266e-01 6.930102e-01
5.934787e-01 4.549867e-01
-5.123613e-01 6.973201e-01
5.984480e-01 4.555403e-01
-5.148292e-01 7.016686e-01
6.034170e-01 4.560960e-01
-5.172286e-01 7.060553e-01
6.083858e-01 4.566537e-01
-5.195580e-01 7.104795e-01
6.133544e-01 4.572132e-01
-5.218158e-01 7.149407e-01
6.183228e-01 4.577745e-01
-5.240003e-01 7.194383e-01
6.232910e-01 4.583374e-01
-5.261098e-01 7.239715e-01
6.282590e-01 4.589019e-01
-5.281428e-01 7.285395e-01
6.332269e-01 4.594678e-01
-5.300974e-01 7.331416e-01
6.381946e-01 4.600351e-01
-5.319721e-01 7.377769e-01
6.431622e-01 4.606036e-01
-5.337652e-01 7.424443e-01
6.481296e-01 4.611733e-01
-5.354751e-01 7.471429e-01
6.530970e-01 4.617440e-01
-5.370999e-01 7.518715e-01
6.580642e-01 4.623157e-01
-5.386382e-01 7.566289e-01
6.630313e-01 4.628882e-01
-5.400883e-01 7.614141e-01
6.679983e-01 4.634614e-01
-5.414487e-01 7.662254e-01
6.729653e-01 4.640353e-01
-5.427176e-01 7.710617e-01
6.779322e-01 4.646098e-01
-5.438937e-01 7.759215e-01
6.828990e-01 4.651847e-01
-5.449754e-01 7.808030e-01
6.878658e-01 4.657600e-01
-5.459614e-01 7.857049e-01
6.928326e-01 4.663355e-01
-5.468503e-01 7.906252e-01
6.977993e-01 4.669111e-01
-5.476407e-01 7.955623e-01
7.027661e-01 4.674868e-01
-5.483315e-01 8.005144e-01
7.077328e-01 4.680625e-01
-5.489215e-01 8.054795e-01
7.126996e-01 4.686381e-01
-5.494097e-01 8.104556e-01
7.176664e-01 4.692134e-01
-5.497951e-01 8.154407e-01
7.226332e-01 4.697884e-01
-5.500769e-01 8.204328e-01
7.276001e-01 4.703629e-01
-5.502544e-01 8.254296e-01
7.325670e-01 4.709370e-01
-5.503269e-01 8.304291e-01
7.375340e-01 4.715105e-01
-5.502940e-01 8.354290e-01
7.425011e-01 4.720832e-01
-5.501553e-01 8.404270e-01
7.474683e-01 4.726552e-01
-5.499106e-01 8.454210e-01
7.524356e-01 4.732262e-01
-5.495597e-01 8.504087e-01
7.574030e-01 4.737963e-01
-5.491027e-01 8.553878e-01
7.623705e-01 4.743654e-01
-5.485399e-01 8.603560e-01
7.673381e-01 4.749332e-01
-5.478714e-01 8.653111e-01
7.723059e-01 4.754999e-01
-5.470978e-01 8.702509e-01
7.772738e-01 4.760652e-01
-5.462197e-01 8.751732e-01
7.822420e-01 4.766290e-01
-5.452377e-01 8.800758e-01
7.872102e-01 4.771914e-01
-5.441528e-01 8.849567e-01
7.921787e-01 4.777522e-01
-5.429660e-01 8.898138e-01
7.971473e-01 4.783113e-01
-5.416783e-01 8.946452e-01
8.021162e-01 4.788686e-01
-5.402910e-01 8.994488e-01
8.070852e-01 4.794240e-01
-5.388054e-01 9.042230e-01
8.120545e-01 4.799776e-01
-5.372229e-01 9.089660e-01
8.170240e-01 4.805291e-01
-5.355451e-01 9.136761e-01
8.219937e-01 4.810785e-01
-5.337737e-01 9.183518e-01
8.269637e-01 4.816257e-01
-5.319102e-01 9.229915e-01
8.319339e-01 4.821707e-01
-5.299564e-01 9.275940e-01
8.369043e-01 4.827133e-01
-5.279143e-01 9.321580e-01
8.418751e-01 4.832535e-01
-5.257856e-01 9.366822e-01
8.468461e-01 4.837913e-01
-5.235723e-01 9.411656e-01
8.518174e-01 4.843264e-01
-5.212763e-01 9.456073e-01
8.567889e-01 4.848589e-01
-5.188996e-01 9.500063e-01
8.617608e-01 4.853887e-01
-5.164442e-01 9.543619e-01
8.667329e-01 4.859156e-01
-5.139122e-01 9.586734e-01
8.717054e-01 4.864397e-01
-5.113055e-01 9.629402e-01
8.766781e-01 4.869609e-01
-5.086262e-01 9.671617e-01
8.816512e-01 4.874791e-01
-5.058762e-01 9.713375e-01
8.866246e-01 4.879941e-01
-5.030577e-01 9.754674e-01
8.915984e-01 4.885061e-01
-5.001724e-01 9.795509e-01
8.965724e-01 4.890148e-01
-4.972225e-01 9.835880e-01
9.015468e-01 4.895202e-01
-4.942099e-01 9.875785e-01
9.065215e-01 4.900223e-01
-4.911364e-01 9.915223e-01
9.114966e-01 4.905209e-01
-4.880039e-01 9.954194e-01
9.164720e-01 4.910161e-01
-4.848142e-01 9.992699e-01
9.214478e-01 4.915078e-01
-4.815692e-01 1.003074e+00
9.264239e-01 4.919959e-01
-4.782706e-01 1.006831e+00
9.314004e-01 4.924803e-01
-4.749202e-01 1.010543e+00
9.363772e-01 4.929611e-01
-4.715195e-01 1.014208e+00
9.413544e-01 4.934380e-01
-4.680703e-01 1.017828e+00
9.463320e-01 4.939112e-01
-4.645741e-01 1.021403e+00
9.513099e-01 4.943804e-01
-4.610325e-01 1.024932e+00
9.562882e-01 4.948458e-01
-4.574470e-01 1.028417e+00
9.612669e-01 4.953072e-01
-4.538189e-01 1.031857e+00
9.662459e-01 4.957645e-01
-4.501498e-01 1.035254e+00
9.712253e-01 4.962178e-01
-4.464410e-01 1.038607e+00
9.762051e-01 4.966670e-01
-4.426939e-01 1.041918e+00
9.811853e-01 4.971121e-01
-4.389096e-01 1.045186e+00
9.861658e-01 4.975529e-01
-4.350896e-01 1.048412e+00
9.911467e-01 4.979895e-01
-4.312348e-01 1.051596e+00
9.961280e-01 4.984218e-01
-4.273466e-01 1.054740e+00
1.001110e+00 4.988498e-01
-4.234260e-01 1.057843e+00
1.006092e+00 4.992734e-01
-4.194742e-01 1.060906e+00
1.011074e+00 4.996927e-01
-4.154921e-01 1.063930e+00
1.016057e+00 5.001075e-01
-4.114808e-01 1.066915e+00
1.021040e+00 5.005179e-01
-4.074412e-01 1.069861e+00
1.026023e+00 5.009238e-01
-4.033743e-01 1.072770e+00
1.031007e+00 5.013252e-01
-3.992810e-01 1.075641e+00
1.035992e+00 5.017220e-01
-3.951622e-01 1.078476e+00
1.040976e+00 5.021143e-01
-3.910187e-01 1.081274e+00
1.045961e+00 5.025020e-01
-3.868513e-01 1.084037e+00
1.050946e+00 5.028850e-01
-3.826608e-01 1.086765e+00
1.055932e+00 5.032635e-01
-3.784480e-01 1.089458e+00
1.060918e+00 5.036373e-01
-3.742135e-01 1.092116e+00
1.065904e+00 5.040065e-01
-3.699582e-01 1.094742e+00
1.070891e+00 5.043709e-01
-3.656827e-01 1.097334e+00
1.075878e+00 5.047307e-01
-3.613875e-01 1.099894e+00
1.080865e+00 5.050858e-01
-3.570735e-01 1.102421e+00
1.085853e+00 5.054361e-01
-3.527410e-01 1.104917e+00
1.090841e+00 5.057818e-01
-3.483909e-01 1.107382e+00
1.095830e+00 5.061227e-01
-3.440236e-01 1.109817e+00
1.100818e+00 5.064589e-01
-3.396396e-01 1.112221e+00
1.105807e+00 5.067904e-01
-3.352395e-01 1.114596e+00
1.110797e+00 5.071171e-01
-3.308238e-01 1.116941e+00
1.115786e+00 5.074391e-01
-3.263930e-01 1.119258e+00
1.120776e+00 5.077564e-01
-3.219475e-01 1.121547e+00
1.125766e+00 5.080689e-01
-3.174878e-01 1.123808e+00
1.130757e+00 5.083768e-01
-3.130144e-01 1.126041e+00
1.135748e+00 5.086799e-01
-3.085277e-01 1.128248e+00
1.140739e+00 5.089783e-01
-3.040280e-01 1.130428e+00
1.145730e+00 5.092721e-01
-2.995159e-01 1.132582e+00
1.150722e+00 5.095611e-01
-2.949916e-01 1.134711e+00
1.155714e+00 5.098455e-01
-2.904555e-01 1.136814e+00
1.160706e+00 5.101253e-01
-2.859080e-01 1.138893e+00
1.165698e+00 5.104004e-01
-2.813495e-01 1.140947e+00
1.170691e+00 5.106710e-01
-2.767802e-01 1.142977e+00
1.175684e+00 5.109370e-01
-2.722005e-01 1.144984e+00
1.180677e+00 5.111984e-01
-2.676107e-01 1.146968e+00
1.185670e+00 5.114552e-01
-2.630112e-01 1.148928e+00
1.190664e+00 5.117076e-01
-2.584021e-01 1.150866e+00
1.195658e+00 5.119555e-01
-2.537837e-01 1.152782e+00
1.200652e+00 5.121990e-01
-2.491565e-01 1.154677e+00
1.205646e+00 5.124380e-01
-2.445205e-01 1.156550e+00
1.210641e+00 5.126727e-01
-2.398761e-01 1.158401e+00
1.215635e+00 5.129030e-01
-2.352235e-01 1.160233e+00
1.220630e+00 5.131291e-01
-2.305629e-01 1.162044e+00
1.225625e+00 5.133508e-01
-2.258946e-01 1.163834e+00
1.230621e+00 5.135684e-01
-2.212188e-01 1.165606e+00
1.235616e+00 5.137817e-01
-2.165357e-01 1.167357e+00
1.240612e+00 5.139909e-01
-2.118456e-01 1.169090e+00
1.245608e+00 5.141960e-01
-2.071486e-01 1.170804e+00
1.250603e+00 5.143971e-01
-2.024449e-01 1.172500e+00
1.255600e+00 5.145942e-01
-1.977347e-01 1.174178e+00
1.260596e+00 5.147873e-01
-1.930182e-01 1.175837e+00
1.265592e+00 5.149766e-01
-1.882956e-01 1.177480e+00
1.270589e+00 5.151619e-01
-1.835670e-01 1.179105e+00
1.275586e+00 5.153435e-01
-1.788327e-01 1.180713e+00
1.280582e+00 5.155214e-01
-1.740928e-01 1.182304e+00
1.285579e+00 5.156956e-01
-1.693474e-01 1.183880e+00
1.290576e+00 5.158661e-01
-1.645966e-01 1.185439e+00
1.295574e+00 5.160331e-01
-1.598408e-01 1.186982e+00
1.300571e+00 5.161966e-01
-1.550799e-01 1.188510e+00
1.305568e+00 5.163567e-01
-1.503142e-01 1.190022e+00
1.310566e+00 5.165134e-01
-1.455437e-01 1.191520e+00
1.315564e+00 5.166668e-01
-1.407686e-01 1.193003e+00
1.320561e+00 5.168169e-01
-1.359890e-01 1.194471e+00
1.325559e+00 5.169639e-01
-1.312052e-01 1.195925e+00
1.330557e+00 5.171077e-01
-1.264170e-01 1.197365e+00
1.335555e+00 5.172486e-01
-1.216248e-01 1.198792e+00
1.340553e+00 5.173864e-01
-1.168286e-01 1.200204e+00
1.345551e+00 5.175214e-01
-1.120285e-01 1.201604e+00
1.350550e+00 5.176535e-01
-1.072246e-01 1.202991e+00
1.355548e+00 5.177829e-01
-1.024171e-01 1.204365e+00
1.360546e+00 5.179097e-01
-9.760599e-02 1.205726e+00
1.365545e+00 5.180338e-01
-9.279143e-02 1.207075e+00
1.370543e+00 5.181554e-01
-8.797351e-02 1.208412e+00
1.375542e+00 5.182746e-01
-8.315232e-02 1.209737e+00
1.380541e+00 5.183915e-01
-7.832795e-02 1.211051e+00
1.385539e+00 5.185060e-01
-7.350049e-02 1.212353e+00
1.390538e+00 5.186184e-01
-6.867003e-02 1.213644e+00
1.395537e+00 5.187286e-01
-6.383666e-02 1.214924e+00
1.400536e+00 5.188369e-01
-5.900045e-02 1.216194e+00
1.405535e+00 5.189431e-01
-5.416150e-02 1.217452e+00
1.410533e+00 5.190476e-01
-4.931987e-02 1.218701e+00
1.415532e+00 5.191502e-01
-4.447565e-02 1.219939e+00
1.420531e+00 5.192512e-01
-3.962891e-02 1.221168e+00
1.425530e+00 5.193505e-01
-3.477972e-02 1.222386e+00
1.430529e+00 5.194484e-01
-2.992816e-02 1.223596e+00
1.435528e+00 5.195448e-01
-2.507430e-02 1.224796e+00
1.440528e+00 5.196399e-01
-2.021820e-02 1.225987e+00
1.445527e+00 5.197338e-01
-1.535992e-02 1.227169e+00
1.450526e+00 5.198265e-01
-1.049955e-02 1.228342e+00
1.455525e+00 5.199181e-01
-5.637131e-03 1.229507e+00
1.460524e+00 5.200088e-01
-7.727340e-04 1.230664e+00
1.465523e+00 5.200987e-01
4.093581e-03 1.231812e+00
1.470523e+00 5.201877e-01
8.961755e-03 1.232953e+00
1.475522e+00 5.202761e-01
1.383173e-02 1.234085e+00
1.480521e+00 5.203638e-01
1.870345e-02 1.235211e+00
1.485520e+00 5.204511e-01
2.357686e-02 1.236329e+00
1.490519e+00 5.205380e-01
2.845190e-02 1.237440e+00
1.495519e+00 5.206246e-01
3.332852e-02 1.238544e+00
1.500518e+00 5.207109e-01
3.820667e-02 1.239641e+00
1.505517e+00 5.207972e-01
4.308630e-02 1.240731e+00
1.510517e+00 5.208834e-01
4.796735e-02 1.241815e+00
1.515516e+00 5.209698e-01
5.284978e-02 1.242893e+00
1.520515e+00 5.210563e-01
5.773354e-02 1.243965e+00
1.525514e+00 5.211431e-01
6.261858e-02 1.245031e+00
1.530513e+00 5.212303e-01
6.750486e-02 1.246091e+00
1.535513e+00 5.213180e-01
7.239232e-02 1.247146e+00
1.540512e+00 5.214063e-01
7.728093e-02 1.248196e+00
1.545511e+00 5.214953e-01
8.217064e-02 1.249240e+00
1.550510e+00 5.215850e-01
8.706141e-02 1.250280e+00
1.555510e+00 5.216756e-01
9.195319e-02 1.251314e+00
1.560509e+00 5.217672e-01
9.684594e-02 1.252344e+00
1.565508e+00 5.218599e-01
1.017396e-01 1.253370e+00
1.570507e+00 5.219538e-01
1.066342e-01 1.254391e+00
1.575506e+00 5.220490e-01
1.115296e-01 1.255409e+00
1.580505e+00 5.221456e-01
1.164258e-01 1.256422e+00
1.585504e+00 5.222437e-01
1.213228e-01 1.257432e+00
1.590503e+00 5.223433e-01
1.262206e-01 1.258438e+00
1.595502e+00 5.224447e-01
1.311190e-01 1.259440e+00
1.600501e+00 5.225478e-01
1.360181e-01 1.260440e+00
1.605500e+00 5.226529e-01
1.409178e-01 1.261436e+00
1.610499e+00 5.227600e-01
1.458180e-01 1.262430e+00
1.615498e+00 5.228691e-01
1.507188e-01 1.263421e+00
1.620496e+00 5.229805e-01
1.556202e-01 1.264410e+00
1.625495e+00 5.230942e-01
1.605219e-01 1.265396e+00
1.630494e+00 5.232103e-01
1.654242e-01 1.266380e+00
1.635492e+00 5.233289e-01
1.703268e-01 1.267362e+00
1.640491e+00 5.234501e-01
1.752298e-01 1.268342e+00
1.645489e+00 5.235741e-01
1.801331e-01 1.269320e+00
1.650488e+00 5.237009e-01
1.850367e-01 1.270297e+00
1.655486e+00 5.238306e-01
1.899406e-01 1.271273e+00
1.660484e+00 5.239633e-01
1.948447e-01 1.272248e+00
1.665482e+00 5.240991e-01
1.997489e-01 1.273221e+00
1.670480e+00 5.242382e-01
2.046534e-01 1.274194e+00
1.675478e+00 5.243806e-01
2.095579e-01 1.275167e+00
1.680476e+00 5.245264e-01
2.144626e-01 1.276138e+00
1.685474e+00 5.246758e-01
2.193673e-01 1.277110e+00
1.690472e+00 5.248288e-01
2.242720e-01 1.278082e+00
1.695469e+00 5.249855e-01
2.291767e-01 1.279053e+00
1.700467e+00 5.251461e-01
2.340813e-01 1.280025e+00
1.705464e+00 5.253105e-01
2.389859e-01 1.280997e+00
1.710461e+00 5.254791e-01
2.438903e-01 1.281970e+00
1.715458e+00 5.256517e-01
2.487946e-01 1.282944e+00
1.720455e+00 5.258286e-01
2.536987e-01 1.283918e+00
1.725452e+00 5.260098e-01
2.586025e-01 1.284894e+00
1.730448e+00 5.261954e-01
2.635061e-01 1.285871e+00
1.735445e+00 5.263856e-01
2.684095e-01 1.286850e+00
1.740441e+00 5.265804e-01
2.733124e-01 1.287830e+00
1.745437e+00 5.267799e-01
2.782150e-01 1.288812e+00
1.750433e+00 5.269842e-01
2.831172e-01 1.289796e+00
1.755428e+00 5.271934e-01
2.880190e-01 1.290782e+00
1.760424e+00 5.274077e-01
2.929203e-01 1.291771e+00
1.765419e+00 5.276270e-01
2.978211e-01 1.292762e+00
1.770414e+00 5.278516e-01
3.027213e-01 1.293756e+00
1.775409e+00 5.280814e-01
3.076209e-01 1.294753e+00
1.780403e+00 5.283167e-01
3.125199e-01 1.295753e+00
1.785397e+00 5.285574e-01
3.174183e-01 1.296756e+00
1.790391e+00 5.288037e-01
3.223159e-01 1.297762e+00
1.795385e+00 5.290556e-01
3.272128e-01 1.298772e+00
1.800378e+00 5.293134e-01
3.321089e-01 1.299786e+00
1.805371e+00 5.295769e-01
3.370042e-01 1.300804e+00
1.810364e+00 5.298465e-01
3.418987e-01 1.301826e+00
1.815356e+00 5.301220e-01
3.467922e-01 1.302853e+00
1.820349e+00 5.304037e-01
3.516847e-01 1.303884e+00
1.825340e+00 5.306916e-01
3.565763e-01 1.304919e+00
1.830332e+00 5.309858e-01
3.614668e-01 1.305960e+00
1.835323e+00 5.312864e-01
3.663563e-01 1.307005e+00
1.840313e+00 5.315935e-01
3.712446e-01 1.308056e+00
1.845303e+00 5.319071e-01
3.761318e-01 1.309112e+00
1.850293e+00 5.322274e-01
3.810178e-01 1.310174e+00
1.855282e+00 5.325544e-01
3.859024e-01 1.311242e+00
1.860271e+00 5.328882e-01
3.907858e-01 1.312316e+00
1.865259e+00 5.332290e-01
3.956678e-01 1.313395e+00
1.870247e+00 5.335767e-01
4.005485e-01 1.314481e+00
1.875235e+00 5.339315e-01
4.054276e-01 1.315574e+00
1.880222e+00 5.342934e-01
4.103053e-01 1.316673e+00
1.885208e+00 5.346626e-01
4.151813e-01 1.317780e+00
1.890194e+00 5.350391e-01
4.200558e-01 1.318893e+00
1.895179e+00 5.354230e-01
4.249286e-01 1.320014e+00
1.900164e+00 5.358143e-01
4.297997e-01 1.321142e+00
1.905148e+00 5.362132e-01
4.346690e-01 1.322277e+00
1.910131e+00 5.366197e-01
4.395365e-01 1.323421e+00
1.915114e+00 5.370339e-01
4.444021e-01 1.324572e+00
1.920096e+00 5.374559e-01
4.492658e-01 1.325732e+00
1.925078e+00 5.378857e-01
4.541274e-01 1.326900e+00
1.930059e+00 5.383235e-01
4.589870e-01 1.328077e+00
1.935039e+00 5.387692e-01
4.638444e-01 1.329262e+00
1.940018e+00 5.392230e-01
4.686997e-01 1.330457e+00
1.944997e+00 5.396849e-01
4.735527e-01 1.331660e+00
1.949974e+00 5.401550e-01
4.784034e-01 1.332873e+00
1.954952e+00 5.406334e-01
4.832517e-01 1.334095e+00
1.959928e+00 5.411201e-01
4.880976e-01 1.335327e+00
1.964903e+00 5.416153e-01
4.929410e-01 1.336569e+00
1.969878e+00 5.421189e-01
4.977818e-01 1.337820e+00
1.974851e+00 5.426310e-01
5.026199e-01 1.339082e+00
1.979824e+00 5.431517e-01
5.074553e-01 1.340355e+00
1.984796e+00 5.436811e-01
5.122879e-01 1.341638e+00
1.989767e+00 5.442192e-01
5.171176e-01 1.342931e+00
1.994737e+00 5.447660e-01
5.219445e-01 1.344236e+00
1.999706e+00 5.453217e-01
5.267682e-01 1.345552e+00
2.004674e+00 5.458863e-01
5.315889e-01 1.346879e+00
2.009641e+00 5.464599e-01
5.364065e-01 1.348217e+00
2.014607e+00 5.470424e-01
5.412207e-01 1.349567e+00
2.019572e+00 5.476340e-01
5.460317e-01 1.350929e+00
2.024536e+00 5.482347e-01
5.508392e-01 1.352303e+00
2.029498e+00 5.488446e-01
5.556433e-01 1.353689e+00
2.034460e+00 5.494637e-01
5.604438e-01 1.355087e+00
2.039420e+00 5.500921e-01
5.652406e-01 1.356498e+00
2.044380e+00 5.507298e-01
5.700336e-01 1.357922e+00
2.049337e+00 5.513768e-01
5.748229e-01 1.359358e+00
2.054294e+00 5.520333e-01
5.796082e-01 1.360807e+00
2.059250e+00 5.526992e-01
5.843896e-01 1.362270e+00
2.064204e+00 5.533746e-01
5.891668e-01 1.363746e+00
2.069157e+00 5.540595e-01
5.939399e-01 1.365235e+00
2.074108e+00 5.547540e-01
5.987086e-01 1.366738e+00
2.079058e+00 5.554582e-01
6.034731e-01 1.368255e+00
2.084007e+00 5.561720e-01
6.082330e-01 1.369785e+00
2.088955e+00 5.568955e-01
6.129884e-01 1.371330e+00
2.093901e+00 5.576287e-01
6.177392e-01 1.372889e+00
2.098845e+00 5.583717e-01
6.224852e-01 1.374462e+00
2.103788e+00 5.591245e-01
6.272263e-01 1.376050e+00
2.108730e+00 5.598871e-01
6.319626e-01 1.377653e+00
2.113670e+00 5.606597e-01
6.366938e-01 1.379270e+00
2.118608e+00 5.614421e-01
6.414198e-01 1.380902e+00
2.123545e+00 5.622344e-01
6.461407e-01 1.382550e+00
2.128480e+00 5.630367e-01
6.508562e-01 1.384212e+00
2.133414e+00 5.638490e-01
6.555663e-01 1.385890e+00
2.138345e+00 5.646713e-01
6.602708e-01 1.387584e+00
2.143276e+00 5.655036e-01
6.649697e-01 1.389292e+00
2.148204e+00 5.663460e-01
6.696629e-01 1.391017e+00
2.153131e+00 5.671985e-01
6.743502e-01 1.392757e+00
2.158056e+00 5.680610e-01
6.790316e-01 1.394514e+00
2.162979e+00 5.689337e-01
6.837070e-01 1.396286e+00
2.167901e+00 5.698166e-01
6.883762e-01 1.398074e+00
2.172820e+00 5.707095e-01
6.930392e-01 1.399879e+00
2.177738e+00 5.716127e-01
6.976959e-01 1.401700e+00
2.182654e+00 5.725261e-01
7.023460e-01 1.403537e+00
2.187568e+00 5.734496e-01
7.069897e-01 1.405391e+00
2.192480e+00 5.743834e-01
7.116267e-01 1.407261e+00
2.197390e+00 5.753273e-01
7.162569e-01 1.409149e+00
2.202298e+00 5.762816e-01
7.208803e-01 1.411052e+00
2.207204e+00 5.772460e-01
7.254968e-01 1.412973e+00
2.212108e+00 5.782208e-01
7.301061e-01 1.414910e+00
2.217010e+00 5.792057e-01
7.347084e-01 1.416865e+00
2.221910e+00 5.802010e-01
7.393034e-01 1.418836e+00
2.226808e+00 5.812065e-01
7.438910e-01 1.420824e+00
2.231704e+00 5.822223e-01
7.484712e-01 1.422830e+00
2.236598e+00 5.832484e-01
7.530439e-01 1.424852e+00
2.241489e+00 5.842847e-01
7.576089e-01 1.426892e+00
2.246378e+00 5.853313e-01
7.621662e-01 1.428949e+00
2.251265e+00 5.863882e-01
7.667157e-01 1.431023e+00
2.256150e+00 5.874554e-01
7.712572e-01 1.433115e+00
2.261033e+00 5.885329e-01
7.757908e-01 1.435224e+00
2.265913e+00 5.896206e-01
7.803163e-01 1.437350e+00
2.270791e+00 5.907186e-01
7.848336e-01 1.439493e+00
2.275666e+00 5.918269e-01
7.893427e-01 1.441654e+00
2.280540e+00 5.929454e-01
7.938434e-01 1.443832e+00
2.285411e+00 5.940742e-01
7.983357e-01 1.446027e+00
2.290279e+00 5.952132e-01
8.028195e-01 1.448240e+00
2.295145e+00 5.963624e-01
8.072947e-01 1.450469e+00
2.300009e+00 5.975218e-01
8.117612e-01 1.452717e+00
2.304870e+00 5.986915e-01
8.162191e-01 1.454981e+00
2.309729e+00 5.998714e-01
8.206681e-01 1.457263e+00
2.314585e+00 6.010614e-01
8.251083e-01 1.459562e+00
2.319439e+00 6.022617e-01
8.295395e-01 1.461878e+00
2.324290e+00 6.034721e-01
8.339617e-01 1.464211e+00
2.329139e+00 6.046926e-01
8.383749e-01 1.466561e+00
2.333985e+00 6.059233e-01
8.427790e-01 1.468929e+00
2.338829e+00 6.071641e-01
8.471739e-01 1.471313e+00
2.343670e+00 6.084149e-01
8.515595e-01 1.473714e+00
2.348508e+00 6.096759e-01
8.559359e-01 1.476132e+00
2.353344e+00 6.109470e-01
8.603030e-01 1.478567e+00
2.358177e+00 6.122280e-01
8.646607e-01 1.481019e+00
2.363008e+00 6.135192e-01
8.690090e-01 1.483487e+00
2.367835e+00 6.148203e-01
8.733478e-01 1.485972e+00
2.372660e+00 6.161314e-01
8.776772e-01 1.488474e+00
2.377483e+00 6.174525e-01
8.819970e-01 1.490991e+00
2.382302e+00 6.187835e-01
8.863073e-01 1.493525e+00
2.387119e+00 6.201245e-01
8.906080e-01 1.496076e+00
2.391933e+00 6.214754e-01
8.948991e-01 1.498642e+00
2.396744e+00 6.228361e-01
8.991805e-01 1.501225e+00
2.401553e+00 6.242067e-01
9.034524e-01 1.503823e+00
2.406359e+00 6.255872e-01
9.077146e-01 1.506437e+00
2.411161e+00 6.269775e-01
9.119671e-01 1.509067e+00
2.415961e+00 6.283776e-01
9.162099e-01 1.511712e+00
2.420759e+00 6.297874e-01
9.204431e-01 1.514373e+00
2.425553e+00 6.312071e-01
9.246666e-01 1.517050e+00
2.430344e+00 6.326364e-01
9.288804e-01 1.519741e+00
2.435133e+00 6.340755e-01
9.330846e-01 1.522447e+00
2.439918e+00 6.355242e-01
9.372791e-01 1.525169e+00
2.444701e+00 6.369826e-01
9.414639e-01 1.527905e+00
2.449480e+00 6.384506e-01
9.456392e-01 1.530656e+00
2.454257e+00 6.399282e-01
9.498048e-01 1.533422e+00
2.459031e+00 6.414155e-01
9.539608e-01 1.536201e+00
2.463801e+00 6.429122e-01
9.581072e-01 1.538996e+00
2.468569e+00 6.444186e-01
9.622441e-01 1.541804e+00
2.473334e+00 6.459344e-01
9.663715e-01 1.544626e+00
2.478095e+00 6.474598e-01
9.704894e-01 1.547462e+00
2.482854e+00 6.489946e-01
9.745979e-01 1.550312e+00
2.487610e+00 6.505389e-01
9.786970e-01 1.553175e+00
2.492362e+00 6.520926e-01
9.827867e-01 1.556051e+00
2.497111e+00 6.536557e-01
9.868672e-01 1.558941e+00
2.501858e+00 6.552282e-01
9.909383e-01 1.561844e+00
2.506601e+00 6.568100e-01
9.950003e-01 1.564759e+00
2.511341e+00 6.584013e-01
9.990532e-01 1.567687e+00
2.516078e+00 6.600018e-01
1.003097e+00 1.570628e+00
2.520812e+00 6.616116e-01
1.007132e+00 1.573581e+00
2.525542e+00 6.632307e-01
1.011157e+00 1.576547e+00
2.530270e+00 6.648591e-01
1.015174e+00 1.579524e+00
2.534994e+00 6.664968e-01
1.019182e+00 1.582513e+00
2.539715e+00 6.681436e-01
1.023182e+00 1.585514e+00
2.544433e+00 6.697997e-01
1.027172e+00 1.588527e+00
2.549147e+00 6.714650e-01
1.031154e+00 1.591550e+00
2.553858e+00 6.731395e-01
1.035128e+00 1.594585e+00
2.558566e+00 6.748231e-01
1.039093e+00 1.597631e+00
2.563271e+00 6.765159e-01
1.043050e+00 1.600688e+00
2.567973e+00 6.782178e-01
1.046998e+00 1.603756e+00
2.572671e+00 6.799288e-01
1.050939e+00 1.606834e+00
2.577366e+00 6.816490e-01
1.054871e+00 1.609922e+00
2.582057e+00 6.833783e-01
1.058795e+00 1.613020e+00
2.586745e+00 6.851166e-01
1.062712e+00 1.616129e+00
2.591430e+00 6.868641e-01
1.066620e+00 1.619247e+00
2.596111e+00 6.886206e-01
1.070521e+00 1.622374e+00
2.600789e+00 6.903862e-01
1.074414e+00 1.625512e+00
2.605463e+00 6.921609e-01
1.078300e+00 1.628658e+00
2.610134e+00 6.939446e-01
1.082179e+00 1.631813e+00
2.614802e+00 6.957374e-01
1.086050e+00 1.634978e+00
2.619466e+00 6.975393e-01
1.089914e+00 1.638151e+00
2.624127e+00 6.993502e-01
1.093772e+00 1.641332e+00
2.628784e+00 7.011702e-01
1.097622e+00 1.644522e+00
2.633437e+00 7.029992e-01
1.101465e+00 1.647720e+00
2.638087e+00 7.048373e-01
1.105302e+00 1.650927e+00
2.642733e+00 7.066845e-01
1.109132e+00 1.654140e+00
2.647376e+00 7.085407e-01
1.112956e+00 1.657362e+00
2.652015e+00 7.104060e-01
1.116773e+00 1.660591e+00
2.656650e+00 7.122804e-01
1.120585e+00 1.663828e+00
2.661282e+00 7.141640e-01
1.124390e+00 1.667071e+00
2.665910e+00 7.160566e-01
1.128189e+00 1.670321e+00
2.670534e+00 7.179584e-01
1.131983e+00 1.673579e+00
2.675154e+00 7.198693e-01
1.135771e+00 1.676842e+00
2.679771e+00 7.217894e-01
1.139553e+00 1.680113e+00
2.684384e+00 7.237187e-01
1.143330e+00 1.683389e+00
2.688993e+00 7.256571e-01
1.147102e+00 1.686671e+00
2.693598e+00 7.276049e-01
1.150868e+00 1.689960e+00
2.698199e+00 7.295618e-01
1.154630e+00 1.693254e+00
2.702796e+00 7.315281e-01
1.158386e+00 1.696553e+00
2.707389e+00 7.335036e-01
1.162138e+00 1.699858e+00
2.711978e+00 7.354886e-01
1.165886e+00 1.703168e+00
2.716564e+00 7.374829e-01
1.169629e+00 1.706483e+00
2.721145e+00 7.394866e-01
1.173368e+00 1.709803e+00
2.725721e+00 7.414997e-01
1.177102e+00 1.713128e+00
2.730294e+00 7.435224e-01
1.180833e+00 1.716457e+00
2.734862e+00 7.455546e-01
1.184560e+00 1.719790e+00
2.739426e+00 7.475964e-01
1.188283e+00 1.723128e+00
2.743986e+00 7.496478e-01
1.192002e+00 1.726469e+00
2.748542e+00 7.517089e-01
1.195718e+00 1.729815e+00
2.753093e+00 7.537798e-01
1.199431e+00 1.733163e+00
2.757639e+00 7.558605e-01
1.203141e+00 1.736516e+00
2.762181e+00 7.579510e-01
1.206848e+00 1.739871e+00
2.766719e+00 7.600514e-01
1.210552e+00 1.743230e+00
2.771251e+00 7.621619e-01
1.214253e+00 1.746591e+00
2.775779e+00 7.642824e-01
1.217952e+00 1.749955e+00
2.780303e+00 7.664130e-01
1.221649e+00 1.753322e+00
2.784821e+00 7.685538e-01
1.225343e+00 1.756691e+00
2.789335e+00 7.707049e-01
1.229035e+00 1.760063e+00
2.793844e+00 7.728664e-01
1.232726e+00 1.763436e+00
2.798347e+00 7.750384e-01
1.236415e+00 1.766811e+00
2.802846e+00 7.772209e-01
1.240102e+00 1.770188e+00
2.807339e+00 7.794140e-01
1.243788e+00 1.773567e+00
2.811827e+00 7.816179e-01
1.247473e+00 1.776946e+00
2.816310e+00 7.838326e-01
1.251157e+00 1.780327e+00
2.820787e+00 7.860583e-01
1.254840e+00 1.783709e+00
2.825259e+00 7.882950e-01
1.258522e+00 1.787091e+00
2.829725e+00 7.905429e-01
1.262204e+00 1.790474e+00
2.834186e+00 7.928021e-01
1.265885e+00 1.793858e+00
2.838640e+00 7.950727e-01
1.269566e+00 1.797242e+00
2.843089e+00 7.973548e-01
1.273247e+00 1.800625e+00
2.847532e+00 7.996487e-01
1.276928e+00 1.804009e+00
2.851969e+00 8.019543e-01
1.280610e+00 1.807392e+00
2.856399e+00 8.042720e-01
1.284292e+00 1.810775e+00
2.860823e+00 8.066017e-01
1.287975e+00 1.814157e+00
2.865241e+00 8.089437e-01
1.291658e+00 1.817538e+00
2.869652e+00 8.112982e-01
1.295343e+00 1.820918e+00
2.874056e+00 8.136652e-01
1.299028e+00 1.824297e+00
2.878453e+00 8.160451e-01
1.302715e+00 1.827674e+00
2.882844e+00 8.184378e-01
1.306404e+00 1.831050e+00
2.887227e+00 8.208438e-01
1.310094e+00 1.834423e+00
2.891602e+00 8.232630e-01
1.313786e+00 1.837795e+00
2.895971e+00 8.256959e-01
1.317481e+00 1.841164e+00
2.900331e+00 8.281424e-01
1.321177e+00 1.844531e+00
2.904684e+00 8.306030e-01
1.324876e+00 1.847895e+00
2.909028e+00 8.330777e-01
1.328578e+00 1.851256e+00
2.913365e+00 8.355668e-01
1.332282e+00 1.854614e+00
2.917693e+00 8.380707e-01
1.335990e+00 1.857969e+00
2.922012e+00 8.405894e-01
1.339701e+00 1.861320e+00
2.926322e+00 8.431233e-01
1.343415e+00 1.864668e+00
2.930624e+00 8.456727e-01
1.347133e+00 1.868011e+00
2.934916e+00 8.482378e-01
1.350854e+00 1.871350e+00
2.939198e+00 8.508189e-01
1.354580e+00 1.874685e+00
2.943470e+00 8.534163e-01
1.358309e+00 1.878015e+00
2.947733e+00 8.560303e-01
1.362043e+00 1.881340e+00
2.951984e+00 8.586613e-01
1.365782e+00 1.884660e+00
2.956226e+00 8.613095e-01
1.369525e+00 1.887975e+00
2.960456e+00 8.639754e-01
1.373274e+00 1.891284e+00
2.964674e+00 8.666592e-01
1.377027e+00 1.894587e+00
2.968881e+00 8.693614e-01
1.380786e+00 1.897884e+00
2.973076e+00 8.720824e-01
1.384551e+00 1.901175e+00
2.977258e+00 8.748225e-01
1.388321e+00 1.904459e+00
2.981428e+00 8.775821e-01
1.392098e+00 1.907736e+00
2.985584e+00 8.803617e-01
1.395880e+00 1.911006e+00
2.989726e+00 8.831617e-01
1.399669e+00 1.914268e+00
2.993855e+00 8.859826e-01
1.403465e+00 1.917523e+00
2.997968e+00 8.888249e-01
1.407268e+00 1.920769e+00
3.002067e+00 8.916890e-01
1.411077e+00 1.924007e+00
3.006149e+00 8.945756e-01
1.414894e+00 1.927237e+00
3.010216e+00 8.974850e-01
1.418719e+00 1.930458e+00
3.014265e+00 9.004178e-01
1.422551e+00 1.933669e+00
3.018297e+00 9.033747e-01
1.426391e+00 1.936871e+00
3.022311e+00 9.063562e-01
1.430240e+00 1.940063e+00
3.026306e+00 9.093630e-01
1.434097e+00 1.943245e+00
3.030281e+00 9.123956e-01
1.437963e+00 1.946416e+00
3.034236e+00 9.154547e-01
1.441837e+00 1.949577e+00
3.038170e+00 9.185411e-01
1.445721e+00 1.952726e+00
3.042082e+00 9.216553e-01
1.449614e+00 1.955863e+00
3.045971e+00 9.247983e-01
1.453516e+00 1.958989e+00
3.049836e+00 9.279706e-01
1.457429e+00 1.962102e+00
3.053675e+00 9.311731e-01
1.461351e+00 1.965203e+00
3.057489e+00 9.344066e-01
1.465284e+00 1.968290e+00
3.061276e+00 9.376719e-01
1.469228e+00 1.971364e+00
3.065034e+00 9.409699e-01
1.473182e+00 1.974424e+00
3.068762e+00 9.443015e-01
1.477147e+00 1.977470e+00
3.072459e+00 9.476676e-01
1.481124e+00 1.980501e+00
3.076124e+00 9.510691e-01
1.485112e+00 1.983517e+00
3.079754e+00 9.545070e-01
1.489112e+00 1.986517e+00
3.083349e+00 9.579823e-01
1.493124e+00 1.989501e+00
3.086906e+00 9.614960e-01
1.497148e+00 1.992469e+00
3.090424e+00 9.650491e-01
1.501185e+00 1.995419e+00
3.093901e+00 9.686426e-01
1.505234e+00 1.998352e+00
3.097334e+00 9.722777e-01
1.509297e+00 2.001267e+00
3.100721e+00 9.759555e-01
1.513372e+00 2.004163e+00
3.104061e+00 9.796769e-01
1.517461e+00 2.007040e+00
3.107349e+00 9.834431e-01
1.521564e+00 2.009898e+00
3.110585e+00 9.872551e-01
1.525681e+00 2.012735e+00
3.113764e+00 9.911140e-01
1.529812e+00 2.015552e+00
3.116885e+00 9.950209e-01
1.533958e+00 2.018348e+00
3.119943e+00 9.989768e-01
1.538118e+00 2.021121e+00
3.122935e+00 1.002983e+00
1.542293e+00 2.023872e+00
3.125858e+00 1.007039e+00
1.546484e+00 2.026600e+00
3.128708e+00 1.011147e+00
1.550690e+00 2.029304e+00
3.131481e+00 1.015308e+00
1.554911e+00 2.031984e+00
3.134173e+00 1.019521e+00
1.559148e+00 2.034638e+00
3.136780e+00 1.023788e+00
1.563401e+00 2.037267e+00
3.139297e+00 1.028108e+00
1.567671e+00 2.039869e+00
3.141719e+00 1.032482e+00
1.571956e+00 2.042444e+00
3.144041e+00 1.036910e+00
1.576259e+00 2.044992e+00
3.146260e+00 1.041391e+00
1.580578e+00 2.047510e+00
3.148369e+00 1.045925e+00
1.584914e+00 2.050000e+00
3.150363e+00 1.050510e+00
1.589268e+00 2.052459e+00
3.152238e+00 1.055145e+00
1.593639e+00 2.054887e+00
3.153988e+00 1.059829e+00
1.598027e+00 2.057284e+00
3.155608e+00 1.064559e+00
1.602433e+00 2.059648e+00
3.157094e+00 1.069333e+00
1.606856e+00 2.061978e+00
3.158442e+00 1.074148e+00
1.611298e+00 2.064275e+00
3.159646e+00 1.079001e+00
1.615757e+00 2.066536e+00
3.160703e+00 1.083888e+00
1.620234e+00 2.068762e+00
3.161610e+00 1.088805e+00
1.624730e+00 2.070951e+00
3.162364e+00 1.093748e+00
1.629243e+00 2.073102e+00
3.162964e+00 1.098711e+00
1.633775e+00 2.075215e+00
3.163406e+00 1.103692e+00
1.638325e+00 2.077288e+00
3.163692e+00 1.108684e+00
1.642893e+00 2.079321e+00
3.163820e+00 1.113682e+00
1.647479e+00 2.081312e+00
3.163791e+00 1.118682e+00
1.652084e+00 2.083262e+00
3.163606e+00 1.123679e+00
1.656706e+00 2.085168e+00
3.163269e+00 1.128667e+00
1.661346e+00 2.087030e+00
3.162780e+00 1.133643e+00
1.666004e+00 2.088847e+00
3.162143e+00 1.138603e+00
1.670680e+00 2.090619e+00
3.161363e+00 1.143541e+00
1.675373e+00 2.092343e+00
3.160442e+00 1.148456e+00
1.680084e+00 2.094020e+00
3.159385e+00 1.153343e+00
1.684811e+00 2.095648e+00
3.158198e+00 1.158200e+00
1.689556e+00 2.097227e+00
3.156884e+00 1.163024e+00
1.694316e+00 2.098755e+00
3.155449e+00 1.167814e+00
1.699093e+00 2.100232e+00
3.153897e+00 1.172567e+00
1.703886e+00 2.101656e+00
3.152234e+00 1.177282e+00
1.708694e+00 2.103028e+00
3.150465e+00 1.181959e+00
1.713518e+00 2.104345e+00
3.148594e+00 1.186595e+00
1.718355e+00 2.105608e+00
3.146626e+00 1.191192e+00
1.723207e+00 2.106816e+00
3.144567e+00 1.195748e+00
1.728073e+00 2.107967e+00
3.142419e+00 1.200264e+00
1.732952e+00 2.109062e+00
3.140189e+00 1.204738e+00
1.737843e+00 2.110099e+00
3.137879e+00 1.209173e+00
1.742746e+00 2.111078e+00
3.135495e+00 1.213568e+00
1.747661e+00 2.111998e+00
3.133039e+00 1.217923e+00
1.752586e+00 2.112859e+00
3.130515e+00 1.222239e+00
1.757522e+00 2.113660e+00
3.127927e+00 1.226517e+00
1.762466e+00 2.114400e+00
3.125277e+00 1.230758e+00
1.767420e+00 2.115080e+00
3.122570e+00 1.234961e+00
1.772382e+00 2.115699e+00
3.119808e+00 1.239129e+00
1.777350e+00 2.116257e+00
3.116993e+00 1.243261e+00
1.782326e+00 2.116753e+00
3.114128e+00 1.247359e+00
1.787307e+00 2.117187e+00
3.111216e+00 1.251424e+00
1.792293e+00 2.117559e+00
3.108259e+00 1.255456e+00
1.797283e+00 2.117869e+00
3.105260e+00 1.259456e+00
1.802277e+00 2.118117e+00
3.102219e+00 1.263425e+00
1.807274e+00 2.118304e+00
3.099140e+00 1.267365e+00
1.812272e+00 2.118428e+00
3.096023e+00 1.271274e+00
1.817272e+00 2.118490e+00
3.092871e+00 1.275156e+00
1.822272e+00 2.118491e+00
3.089686e+00 1.279010e+00
1.827271e+00 2.118431e+00
3.086468e+00 1.282837e+00
1.832270e+00 2.118309e+00
3.083220e+00 1.286638e+00
1.837267e+00 2.118127e+00
3.079943e+00 1.290414e+00
1.842261e+00 2.117885e+00
3.076637e+00 1.294166e+00
1.847252e+00 2.117583e+00
3.073305e+00 1.297894e+00
1.852239e+00 2.117222e+00
3.069947e+00 1.301598e+00
1.857221e+00 2.116802e+00
3.066565e+00 1.305281e+00
1.862198e+00 2.116323e+00
3.063159e+00 1.308942e+00
1.867169e+00 2.115788e+00
3.059731e+00 1.312581e+00
1.872134e+00 2.115195e+00
3.056282e+00 1.316201e+00
1.877092e+00 2.114547e+00
3.052811e+00 1.319800e+00
1.882042e+00 2.113843e+00
3.049321e+00 1.323381e+00
1.886984e+00 2.113084e+00
3.045812e+00 1.326943e+00
1.891918e+00 2.112272e+00
3.042285e+00 1.330487e+00
1.896842e+00 2.111406e+00
3.038741e+00 1.334013e+00
1.901757e+00 2.110489e+00
3.035179e+00 1.337523e+00
1.906662e+00 2.109520e+00
3.031602e+00 1.341016e+00
1.911557e+00 2.108500e+00
3.028009e+00 1.344493e+00
1.916442e+00 2.107431e+00
3.024401e+00 1.347955e+00
1.921315e+00 2.106314e+00
3.020779e+00 1.351402e+00
1.926177e+00 2.105148e+00
3.017143e+00 1.354834e+00
1.931028e+00 2.103936e+00
3.013494e+00 1.358252e+00
1.935867e+00 2.102677e+00
3.009833e+00 1.361657e+00
1.940694e+00 2.101374e+00
3.006159e+00 1.365048e+00
1.945509e+00 2.100026e+00
3.002473e+00 1.368427e+00
1.950312e+00 2.098635e+00
2.998776e+00 1.371793e+00
1.955102e+00 2.097202e+00
2.995067e+00 1.375147e+00
1.959880e+00 2.095728e+00
2.991349e+00 1.378489e+00
1.964645e+00 2.094213e+00
2.987620e+00 1.381821e+00
1.969397e+00 2.092658e+00
2.983881e+00 1.385141e+00
1.974136e+00 2.091064e+00
2.980133e+00 1.388450e+00
1.978863e+00 2.089433e+00
2.976376e+00 1.391749e+00
1.983576e+00 2.087765e+00
2.972610e+00 1.395038e+00
1.988277e+00 2.086060e+00
2.968835e+00 1.398317e+00
1.992964e+00 2.084320e+00
2.965053e+00 1.401587e+00
1.997639e+00 2.082546e+00
2.961262e+00 1.404848e+00
2.002300e+00 2.080738e+00
2.957464e+00 1.408099e+00
2.006949e+00 2.078897e+00
2.953659e+00 1.411343e+00
2.011585e+00 2.077024e+00
2.949846e+00 1.414577e+00
2.016208e+00 2.075120e+00
2.946027e+00 1.417804e+00
2.020819e+00 2.073186e+00
2.942201e+00 1.421023e+00
2.025417e+00 2.071221e+00
2.938368e+00 1.424235e+00
2.030002e+00 2.069228e+00
2.934530e+00 1.427439e+00
2.034576e+00 2.067206e+00
2.930685e+00 1.430635e+00
2.039136e+00 2.065157e+00
2.926835e+00 1.433825e+00
2.043685e+00 2.063081e+00
2.922979e+00 1.437009e+00
2.048221e+00 2.060979e+00
2.919118e+00 1.440185e+00
2.052746e+00 2.058851e+00
2.915252e+00 1.443356e+00
2.057259e+00 2.056698e+00
2.911381e+00 1.446520e+00
2.061760e+00 2.054521e+00
2.907505e+00 1.449679e+00
2.066250e+00 2.052320e+00
2.903624e+00 1.452832e+00
2.070728e+00 2.050097e+00
2.899739e+00 1.455979e+00
2.075195e+00 2.047850e+00
2.895849e+00 1.459121e+00
2.079651e+00 2.045582e+00
2.891956e+00 1.462258e+00
2.084096e+00 2.043293e+00
2.888058e+00 1.465389e+00
2.088530e+00 2.040983e+00
2.884156e+00 1.468516e+00
2.092954e+00 2.038652e+00
2.880251e+00 1.471638e+00
2.097367e+00 2.036302e+00
2.876342e+00 1.474756e+00
2.101770e+00 2.033933e+00
2.872429e+00 1.477869e+00
2.106163e+00 2.031545e+00
2.868513e+00 1.480978e+00
2.110546e+00 2.029139e+00
2.864594e+00 1.484083e+00
2.114920e+00 2.026715e+00
2.860672e+00 1.487184e+00
2.119283e+00 2.024274e+00
2.856747e+00 1.490281e+00
2.123637e+00 2.021816e+00
2.852819e+00 1.493375e+00
2.127982e+00 2.019342e+00
2.848887e+00 1.496464e+00
2.132318e+00 2.016852e+00
2.844954e+00 1.499551e+00
2.136645e+00 2.014346e+00
2.841017e+00 1.502634e+00
2.140963e+00 2.011825e+00
2.837078e+00 1.505713e+00
2.145272e+00 2.009289e+00
2.833137e+00 1.508790e+00
2.149573e+00 2.006739e+00
2.829193e+00 1.511864e+00
2.153866e+00 2.004176e+00
2.825247e+00 1.514935e+00
2.158150e+00 2.001598e+00
2.821299e+00 1.518003e+00
2.162427e+00 1.999008e+00
2.817349e+00 1.521068e+00
2.166695e+00 1.996404e+00
2.813397e+00 1.524131e+00
2.170956e+00 1.993788e+00
2.809443e+00 1.527191e+00
2.175210e+00 1.991160e+00
2.805487e+00 1.530249e+00
2.179456e+00 1.988520e+00
2.801529e+00 1.533304e+00
2.183695e+00 1.985868e+00
2.797570e+00 1.536358e+00
2.187927e+00 1.983205e+00
2.793609e+00 1.539409e+00
2.192152e+00 1.980531e+00
2.789646e+00 1.542458e+00
2.196370e+00 1.977847e+00
2.785682e+00 1.545505e+00
2.200582e+00 1.975152e+00
2.781716e+00 1.548550e+00
2.204787e+00 1.972447e+00
2.777749e+00 1.551594e+00
2.208986e+00 1.969732e+00
2.773781e+00 1.554635e+00
2.213179e+00 1.967008e+00
2.769811e+00 1.557675e+00
2.217365e+00 1.964275e+00
2.765840e+00 1.560714e+00
2.221546e+00 1.961532e+00
2.761868e+00 1.563751e+00
2.225721e+00 1.958781e+00
2.757895e+00 1.566786e+00
2.229890e+00 1.956021e+00
2.753921e+00 1.569820e+00
2.234054e+00 1.953253e+00
2.749945e+00 1.572853e+00
2.238212e+00 1.950476e+00
2.745969e+00 1.575884e+00
2.242365e+00 1.947692e+00
2.741992e+00 1.578914e+00
2.246514e+00 1.944901e+00
2.738014e+00 1.581943e+00
2.250657e+00 1.942101e+00
2.734035e+00 1.584971e+00
2.254795e+00 1.939295e+00
2.730055e+00 1.587998e+00
2.258928e+00 1.936482e+00
2.726075e+00 1.591024e+00
2.263057e+00 1.933661e+00
2.722093e+00 1.594049e+00
2.267181e+00 1.930835e+00
2.718111e+00 1.597073e+00
2.271301e+00 1.928001e+00
2.714129e+00 1.600096e+00
2.275416e+00 1.925162e+00
2.710145e+00 1.603118e+00
2.279528e+00 1.922316e+00
2.706161e+00 1.606139e+00
2.283635e+00 1.919465e+00
2.702177e+00 1.609160e+00
2.287738e+00 1.916607e+00
2.698192e+00 1.612179e+00
2.291837e+00 1.913745e+00
2.694206e+00 1.615199e+00
2.295933e+00 1.910877e+00
2.690220e+00 1.618217e+00
2.300025e+00 1.908003e+00
2.686234e+00 1.621235e+00
2.304113e+00 1.905125e+00
2.682247e+00 1.624252e+00
2.308198e+00 1.902241e+00
2.678260e+00 1.627269e+00
2.312279e+00 1.899353e+00
2.674272e+00 1.630285e+00
2.316358e+00 1.896460e+00
2.670284e+00 1.633301e+00
2.320433e+00 1.893563e+00
2.666295e+00 1.636316e+00
2.324504e+00 1.890661e+00
2.662306e+00 1.639331e+00
2.328573e+00 1.887755e+00
2.658317e+00 1.642345e+00
2.332639e+00 1.884845e+00
2.654327e+00 1.645359e+00
2.336702e+00 1.881931e+00
2.650338e+00 1.648373e+00
2.340763e+00 1.879014e+00
2.646347e+00 1.651386e+00
2.344820e+00 1.876092e+00
2.642357e+00 1.654399e+00
2.348875e+00 1.873167e+00
2.638366e+00 1.657411e+00
2.352928e+00 1.870238e+00
2.634376e+00 1.660423e+00
2.356978e+00 1.867306e+00
2.630384e+00 1.663435e+00
2.361026e+00 1.864371e+00
2.626393e+00 1.666446e+00
2.365071e+00 1.861433e+00
2.622401e+00 1.669458e+00
2.369115e+00 1.858491e+00
2.618409e+00 1.672468e+00
2.373156e+00 1.855547e+00
2.614417e+00 1.675479e+00
2.377195e+00 1.852600e+00
2.610425e+00 1.678489e+00
2.381232e+00 1.849650e+00
2.606433e+00 1.681499e+00
2.385267e+00 1.846697e+00
2.602440e+00 1.684509e+00
2.389300e+00 1.843742e+00
2.598447e+00 1.687518e+00
2.393331e+00 1.840784e+00
2.594454e+00 1.690527e+00
2.397361e+00 1.837824e+00
2.590460e+00 1.693536e+00
2.401389e+00 1.834862e+00
2.586467e+00 1.696544e+00
2.405415e+00 1.831897e+00
2.582473e+00 1.699553e+00
2.409440e+00 1.828930e+00
2.578479e+00 1.702560e+00
2.413463e+00 1.825961e+00
2.574484e+00 1.705568e+00
2.417485e+00 1.822991e+00
2.570490e+00 1.708575e+00
2.421505e+00 1.820018e+00
2.566495e+00 1.711582e+00
2.425524e+00 1.817044e+00
2.562500e+00 1.714589e+00
2.429542e+00 1.814067e+00
2.558505e+00 1.717595e+00
2.433559e+00 1.811089e+00
2.554509e+00 1.720601e+00
2.437574e+00 1.808110e+00
2.550513e+00 1.723606e+00
2.441588e+00 1.805129e+00
2.546517e+00 1.726611e+00
2.445601e+00 1.802146e+00
2.542520e+00 1.729616e+00
2.449613e+00 1.799162e+00
2.538523e+00 1.732620e+00
2.453624e+00 1.796177e+00
2.534526e+00 1.735623e+00
2.457634e+00 1.793190e+00
2.530528e+00 1.738626e+00
2.461643e+00 1.790202e+00
2.526530e+00 1.741629e+00
2.465651e+00 1.787213e+00
2.522532e+00 1.744631e+00
2.469658e+00 1.784222e+00
2.518533e+00 1.747633e+00
2.473664e+00 1.781231e+00
2.514533e+00 1.750633e+00
2.477670e+00 1.778238e+00
2.510534e+00 1.753634e+00
2.481675e+00 1.775245e+00
2.506533e+00 1.756633e+00
2.485679e+00 1.772250e+00
2.502532e+00 1.759632e+00
2.489682e+00 1.769255e+00
2.498531e+00 1.762630e+00
2.493685e+00 1.766259e+00
2.494529e+00 1.765627e+00
2.497687e+00 1.763262e+00
2.490526e+00 1.768624e+00
2.501689e+00 1.760264e+00
2.486523e+00 1.771619e+00
2.505690e+00 1.757265e+00
2.482519e+00 1.774614e+00
2.509690e+00 1.754266e+00
2.478514e+00 1.777608e+00
2.513690e+00 1.751266e+00
2.474509e+00 1.780600e+00
2.517690e+00 1.748265e+00
2.470502e+00 1.783592e+00
2.521689e+00 1.745264e+00
2.466495e+00 1.786583e+00
2.525687e+00 1.742262e+00
2.462488e+00 1.789572e+00
2.529686e+00 1.739259e+00
2.458479e+00 1.792560e+00
2.533683e+00 1.736256e+00
2.454469e+00 1.795547e+00
2.537681e+00 1.733253e+00
2.450458e+00 1.798533e+00
2.541678e+00 1.730249e+00
2.446447e+00 1.801517e+00
2.545674e+00 1.727244e+00
2.442434e+00 1.804500e+00
2.549671e+00 1.724240e+00
2.438420e+00 1.807482e+00
2.553667e+00 1.721234e+00
2.434405e+00 1.810462e+00
2.557662e+00 1.718228e+00
2.430389e+00 1.813440e+00
2.561658e+00 1.715222e+00
2.426371e+00 1.816416e+00
2.565653e+00 1.712216e+00
2.422353e+00 1.819391e+00
2.569648e+00 1.709209e+00
2.418333e+00 1.822364e+00
2.573642e+00 1.706202e+00
2.414311e+00 1.825335e+00
2.577637e+00 1.703194e+00
2.410288e+00 1.828305e+00
2.581631e+00 1.700187e+00
2.406264e+00 1.831272e+00
2.585625e+00 1.697179e+00
2.402238e+00 1.834237e+00
2.589619e+00 1.694170e+00
2.398210e+00 1.837200e+00
2.593612e+00 1.691161e+00
2.394181e+00 1.840160e+00
2.597605e+00 1.688152e+00
2.390150e+00 1.843118e+00
2.601598e+00 1.685143e+00
2.386117e+00 1.846074e+00
2.605591e+00 1.682133e+00
2.382082e+00 1.849027e+00
2.609584e+00 1.679124e+00
2.378046e+00 1.851978e+00
2.613576e+00 1.676113e+00
2.374007e+00 1.854926e+00
2.617568e+00 1.673103e+00
2.369967e+00 1.857871e+00
2.621560e+00 1.670092e+00
2.365924e+00 1.860813e+00
2.625552e+00 1.667081e+00
2.361879e+00 1.863752e+00
2.629543e+00 1.664070e+00
2.357831e+00 1.866688e+00
2.633534e+00 1.661058e+00
2.353782e+00 1.869621e+00
2.637525e+00 1.658046e+00
2.349730e+00 1.872550e+00
2.641516e+00 1.655034e+00
2.345675e+00 1.875476e+00
2.645506e+00 1.652021e+00
2.341618e+00 1.878398e+00
2.649497e+00 1.649008e+00
2.337558e+00 1.881317e+00
2.653486e+00 1.645995e+00
2.333496e+00 1.884231e+00
2.657476e+00 1.642981e+00
2.329431e+00 1.887142e+00
2.661465e+00 1.639966e+00
2.325362e+00 1.890049e+00
2.665454e+00 1.636952e+00
2.321291e+00 1.892952e+00
2.669443e+00 1.633937e+00
2.317217e+00 1.895850e+00
2.673431e+00 1.630921e+00
2.313139e+00 1.898744e+00
2.677419e+00 1.627905e+00
2.309058e+00 1.901633e+00
2.681406e+00 1.624888e+00
2.304974e+00 1.904517e+00
2.685394e+00 1.621871e+00
2.300887e+00 1.907397e+00
2.689380e+00 1.618853e+00
2.296796e+00 1.910271e+00
2.693366e+00 1.615835e+00
2.292701e+00 1.913141e+00
2.697352e+00 1.612816e+00
2.288602e+00 1.916005e+00
2.701337e+00 1.609796e+00
2.284500e+00 1.918863e+00
2.705322e+00 1.606776e+00
2.280394e+00 1.921716e+00
2.709306e+00 1.603755e+00
2.276283e+00 1.924562e+00
2.713289e+00 1.600733e+00
2.272169e+00 1.927403e+00
2.717272e+00 1.597710e+00
2.268050e+00 1.930238e+00
2.721254e+00 1.594686e+00
2.263926e+00 1.933066e+00
2.725235e+00 1.591662e+00
2.259799e+00 1.935888e+00
2.729216e+00 1.588636e+00
2.255666e+00 1.938703e+00
2.733196e+00 1.585609e+00
2.251529e+00 1.941510e+00
2.737175e+00 1.582582e+00
2.247387e+00 1.944311e+00
2.741153e+00 1.579553e+00
2.243240e+00 1.947105e+00
2.745131e+00 1.576523e+00
2.239088e+00 1.949890e+00
2.749107e+00 1.573492e+00
2.234931e+00 1.952668e+00
2.753083e+00 1.570460e+00
2.230768e+00 1.955438e+00
2.757057e+00 1.567426e+00
2.226600e+00 1.958200e+00
2.761031e+00 1.564391e+00
2.222426e+00 1.960953e+00
2.765003e+00 1.561354e+00
2.218247e+00 1.963697e+00
2.768974e+00 1.558316e+00
2.214062e+00 1.966433e+00
2.772944e+00 1.555276e+00
2.209870e+00 1.969159e+00
2.776913e+00 1.552235e+00
2.205673e+00 1.971876e+00
2.780880e+00 1.549192e+00
2.201469e+00 1.974583e+00
2.784846e+00 1.546147e+00
2.197258e+00 1.977280e+00
2.788811e+00 1.543100e+00
2.193042e+00 1.979966e+00
2.792774e+00 1.540052e+00
2.188818e+00 1.982643e+00
2.796735e+00 1.537001e+00
2.184588e+00 1.985308e+00
2.800695e+00 1.533948e+00
2.180350e+00 1.987962e+00
2.804653e+00 1.530893e+00
2.176106e+00 1.990604e+00
2.808609e+00 1.527836e+00
2.171854e+00 1.993235e+00
2.812564e+00 1.524776e+00
2.167594e+00 1.995854e+00
2.816516e+00 1.521714e+00
2.163327e+00 1.998460e+00
2.820467e+00 1.518649e+00
2.159052e+00 2.001053e+00
2.824415e+00 1.515582e+00
2.154769e+00 2.003633e+00
2.828362e+00 1.512511e+00
2.150479e+00 2.006200e+00
2.832306e+00 1.509438e+00
2.146179e+00 2.008753e+00
2.836248e+00 1.506362e+00
2.141872e+00 2.011292e+00
2.840187e+00 1.503283e+00
2.137556e+00 2.013816e+00
2.844124e+00 1.500201e+00
2.133231e+00 2.016325e+00
2.848059e+00 1.497115e+00
2.128897e+00 2.018818e+00
2.851990e+00 1.494026e+00
2.124554e+00 2.021296e+00
2.855919e+00 1.490934e+00
2.120202e+00 2.023757e+00
2.859845e+00 1.487837e+00
2.115840e+00 2.026202e+00
2.863768e+00 1.484737e+00
2.111469e+00 2.028630e+00
2.867688e+00 1.481633e+00
2.107088e+00 2.031039e+00
2.871604e+00 1.478525e+00
2.102697e+00 2.033431e+00
2.875518e+00 1.475413e+00
2.098296e+00 2.035804e+00
2.879427e+00 1.472296e+00
2.093885e+00 2.038159e+00
2.883333e+00 1.469175e+00
2.089464e+00 2.040493e+00
2.887236e+00 1.466049e+00
2.085032e+00 2.042808e+00
2.891134e+00 1.462918e+00
2.080589e+00 2.045101e+00
2.895029e+00 1.459783e+00
2.076135e+00 2.047374e+00
2.898919e+00 1.456642e+00
2.071670e+00 2.049625e+00
2.902805e+00 1.453496e+00
2.067195e+00 2.051853e+00
2.906687e+00 1.450344e+00
2.062707e+00 2.054059e+00
2.910564e+00 1.447187e+00
2.058209e+00 2.056241e+00
2.914436e+00 1.444023e+00
2.053698e+00 2.058399e+00
2.918304e+00 1.440854e+00
2.049176e+00 2.060532e+00
2.922166e+00 1.437679e+00
2.044642e+00 2.062640e+00
2.926023e+00 1.434497e+00
2.040096e+00 2.064722e+00
2.929874e+00 1.431308e+00
2.035538e+00 2.066777e+00
2.933720e+00 1.428113e+00
2.030967e+00 2.068804e+00
2.937560e+00 1.424910e+00
2.026385e+00 2.070804e+00
2.941393e+00 1.421701e+00
2.021789e+00 2.072774e+00
2.945221e+00 1.418483e+00
2.017181e+00 2.074715e+00
2.949042e+00 1.415258e+00
2.012561e+00 2.076626e+00
2.952856e+00 1.412025e+00
2.007927e+00 2.078505e+00
2.956663e+00 1.408784e+00
2.003281e+00 2.080353e+00
2.960462e+00 1.405534e+00
1.998622e+00 2.082168e+00
2.964254e+00 1.402275e+00
1.993950e+00 2.083949e+00
2.968039e+00 1.399007e+00
1.989266e+00 2.085696e+00
2.971815e+00 1.395730e+00
1.984568e+00 2.087408e+00
2.975583e+00 1.392443e+00
1.979857e+00 2.089084e+00
2.979342e+00 1.389146e+00
1.975134e+00 2.090724e+00
2.983092e+00 1.385839e+00
1.970397e+00 2.092325e+00
2.986833e+00 1.382521e+00
1.965648e+00 2.093888e+00
2.990564e+00 1.379193e+00
1.960885e+00 2.095412e+00
2.994284e+00 1.375853e+00
1.956110e+00 2.096895e+00
2.997995e+00 1.372501e+00
1.951323e+00 2.098337e+00
3.001694e+00 1.369137e+00
1.946523e+00 2.099737e+00
3.005383e+00 1.365762e+00
1.941710e+00 2.101094e+00
3.009059e+00 1.362373e+00
1.936886e+00 2.102406e+00
3.012724e+00 1.358971e+00
1.932049e+00 2.103674e+00
3.016375e+00 1.355556e+00
1.927201e+00 2.104896e+00
3.020014e+00 1.352126e+00
1.922341e+00 2.106072e+00
3.023639e+00 1.348683e+00
1.917470e+00 2.107200e+00
3.027250e+00 1.345224e+00
1.912588e+00 2.108279e+00
3.030846e+00 1.341750e+00
1.907695e+00 2.109309e+00
3.034427e+00 1.338260e+00
1.902792e+00 2.110289e+00
3.037991e+00 1.334754e+00
